500
2
3
    2.6985819864958 -0.67295974869552
 -0.12811326088196     4.3559524067094
     2.509049292905    5.7731460973487
   -1.5182761143043    3.4448864697878
-0.072282886520598     2.8837693902694
    9.1584798852498 -2.0224183816478
  0.28170221881513     4.1541527871207
    8.8673134828321 -1.6068011186145
    1.6905739770412    1.0543675152103
    1.5756117074249    1.5180219582814
   -2.9364858025176      7.722994033082
   -2.5449458885093    2.8400275053923
  0.34194798486553     3.9410461614613
   -1.9531771272536    8.5154348598867
   -1.0694884070009    1.9532702475994
    8.5235648653177 -2.2983608758707
 -0.34552541193362       2.285978503328
    9.3242094870319 -4.1253988949742
  0.23151525649806     3.4773487887894
   -2.8591156678164    0.9492575715471
     1.763430158685 0.13617144812631
    10.209653753573 -2.8568102165864
 -0.44870670950767 0.35869759498903
 -0.39830994870734     3.4138832076771
    1.2911235975264 -0.54012781386364
 -0.43558173263711     8.4227193950414
    0.4723291240978    1.5080430390451
     2.821930703078    1.2539564774102
   -2.4258847372288    6.6952637147066
   -2.9328669294898    2.3278246154636
    1.5916715467868    1.3791451337114
 -0.18887976223686     5.2046138144026
  0.17286041437265     3.6142375496982
   -2.1872373474239    8.8524810070548
 -0.33963733196503     3.8422027226337
    1.9936411193372 0.79035838364676
       1.65581849217   1.2677195477855
    10.028995498915 -2.8703022602374
    9.8021988284372 -2.0850218347996
    8.6260737781728 -1.8589224733966
   -1.3386377820231    9.2030572554483
    9.4988368735894 -0.94202430780652
   -1.1441715832096    2.8836399808012
 -0.58385792589939 0.17820509414357
    2.0759296744336      4.959051058171
    0.3326516757136      2.080384175224
    10.285097643015 -2.9891206682456
  0.95194395414756     3.5657564182427
    2.6225577992855 0.67498855942278
      -1.30684232588   7.5179169217114
 -0.29421491993924     5.2731840356064
    8.7379850454877 -2.3057644150994
    2.3357092267492 -0.095459950991644
    3.5497520659242 -1.1723213650756
     9.814028795321     -4.149247253868
    1.3722767912081    3.2107258187179
    9.6032903245309 -0.10522529174619
    7.9745684878575 -1.0550942774783
   -2.7506523441279    6.0577930609079
   -1.9660935350241    3.0992206905509
    4.3591842191168 -0.16235216278361
    9.2943172313626 -2.2317151664537
    1.4579514524675 0.65974193020193
 -0.75549806454506     3.9473210901159
 -0.24916544028367     5.1481503038499
   -1.0244122114332    8.1650829977693
  0.21196866423261     3.9122766526486
   -1.6995588118487    8.1011479906078
    1.2561946775897    4.2056369378054
  -0.63762776901146      4.0910470472344
    1.1693200393417      2.8439575950527
    1.4566135845099    -0.21823332602246
   -1.0282137383121      3.9658544173012
    8.6055349236612        -2.00420702808
    1.2893377801974      3.4496915881467
                   -
0.0069091524561327       4.6374715687493
    1.9223869438459     0.59987278053621
    2.8024558556375     -0.2912812952658
   -1.7298008539886      2.8079994820238
    1.8483638452689      1.7778425720187
   -2.4980085836664      3.2326994658489
   0.24110018732833      8.3567637639173
   0.90802847322186      6.0171300490978
   0.66471754641912      4.3599526696781
    9.5488558840046    -0.89612023669529
    4.3145764721237     0.85540650827729
    9.7804941611302     -2.4473993238716
   0.94808785020784      4.7321191979788
    1.9235220463202      4.1487772343576
   -3.0773333583054        3.335201082365
   -1.2847860522368      2.0291620039795
   -3.1939588579101      6.9226765215063
   -1.0643302804058        7.449970255266
   -1.8743546657205      2.3366137844728
    8.4249346872154     -2.6568390923046
    2.8968987855065     0.64820507977699
    1.4028589390459     0.50671028475034
   -1.7885494589328      2.7356374775432
   -1.2084890401597         6.26846530478
    1.1845450566234      5.2804263639321
      2.454313867073    -1.8749290964887
   -0.9613512867428      5.5148657398509
   -1.7939677487639      5.9508741706621
    1.3712566236957      2.5572144561278
    1.2489446168409      5.5901383672702
  -0.59016154968665      4.3302099673706
    7.8513353383801    -0.33321354373444
   0.72100905003012    -0.44905384585962
    1.7875339845389    -0.23034767153207
   0.62227616729301      2.9288360340304
    1.1031821712501      4.7057766908931
   -2.3095331690494      2.8074929623062
    1.3674299104042    -0.31641374315618
       8.60554248945   -0.64924788341131
    10.598269262907     -2.1258370597065
   -2.0061266351713      7.7853759213568
  -0.68424723967234      6.5509077176491
     -1.672919077179     7.0054954181036
    1.7443813497344     0.99506382620672
    10.354631244479     -2.9625456119338
    9.2621095981787     -2.3196707236144
   -2.0297207138644      5.3303359408769
    1.1312175042434      4.6819498470506
   -1.2379064601799      8.5554937749832
   -2.0962160666921      3.1877866162739
   0.62835792922034      4.4601362965524
    8.9252933540997     -3.6845584816322
   -3.1595385394564      1.3501145370247
     -3.072512430684     8.1390639201036
   -1.8489133324039      9.3877031956902
   0.86853524673753      6.2245816121917
    1.9193178207546      2.0345550225406
    3.1395060278272      5.6403152768848
    9.0319174185675     -3.2093599662945
   -1.6351266215968        7.325167276008
    8.7407652908115     -1.6861143500246
    9.2854871936594    -0.76191000894854
    8.4557621124044     -3.7325169165238
  1.5903494488926     5.2259939990149
   -1.3276038163254    2.8672787203715
    2.0382471075714     1.276815395493
   -2.8806790768141    7.7683258610271
    1.9371034763043 0.21748545594109
    -2.186960333356    3.0937012146292
  0.11898771558637     1.0864422567318
    8.1256442651775 -2.6892836989643
    6.6904585770506 -3.4851199871365
   -1.4725147089978    7.5332102851865
 -0.60390471656386     1.5039831842973
 -0.17119857386461      3.865967282704
-0.094482542964047     5.3582390543795
 -0.63632858201499     6.4939632900586
  0.16291628914346     8.6212638424728
    2.32978387915680.0067485769424089
   -0.0135759306487    3.4710143255407
  0.23670708215518     5.8468019228551
    2.1156707630898    3.0689615070947
    1.6485648355589    4.7112491636895
   -1.0134342487974     9.967613426212
   -2.4570605157462    2.7392931692458
   -2.0139579692242    8.3912469797245
    7.8115225217592 -3.0146093902731
   -3.2081222287163    2.0289109032377
    2.8438290389731    5.2098319857238
    2.7216506034648 0.43694387254938
    1.1108212655146 0.48761396673539
   -1.9937495592747    1.5009761482069
    2.3416112103252    1.5065074944134
    8.8669520795755 -3.1952146145868
     2.104762503083    1.3915004362189
   -2.1854569800269    2.4036482953931
    1.7480606297602    5.1272914814121
    7.9024952274775 -1.4655167006686
     9.626071816515 -2.4839440470299
  0.35716170200062      1.284944135333
   -1.1736693682026    6.7583609462376
 -0.70531830117211     2.9231749076325
   -1.7536140920106    7.0196684736476
    1.1536962208002    3.9020063912401
 0.037728232334143     6.3284616174273
    1.4995467390782    4.1322409962261
   -1.3801644145261    8.2402218276821
   -2.6931959738195    6.6249170215182
    11.619902240547 -3.6103307305127
   -1.3134239643117    1.7093086075999
    10.674600041313 -2.7415514171423
    1.9447268642004    1.9178363716537
  0.60708824060405     4.0644081498725
 -0.31181004891503     7.8003648387719
    8.4167059017864 -3.8727570231562
 -0.21384588826463     6.8392473752705
    2.9871158955472    1.2376286437392
    10.245790999163 -0.19730137627991
  0.20581717369723     3.6023833681923
    2.6337890191618    1.2473181169311
   -1.6373934182878    1.2571824494639
  0.48435266824123     2.8732868348773
    9.9636842344036 -1.5344975151198
 -0.80006049032284     9.5316415884698
   -0.7957666821065    7.9333561610542
    1.0993225209401 0.55168188423855
   -1.3057252932115    7.4442429634676
    2.2065607592742    5.5061671762328
  0.60133547193349     7.6212933594415
 -0.30733816017104     8.2406640959645
  0.51447050698825 0.96092565413827
    8.4738328104775 -2.0903821137425
-0.58443589400151    2.6502875150978
-0.59739890174238     3.500106852731

   1.7373078036935   4.4254623439412
   10.644244216312 -2.8410128656229
   -1.349953049301   7.8547394001547
   1.9256908854723   4.3913385688336
  -1.6234028914074   6.6092638238586
   8.4355771681126 -2.9223527272489
  -1.0287462189531   8.2285229496217
    8.911655929239 -1.2665844873566
 0.29937693799516    1.3485981217439
   1.4271799617913 0.41663654147715
    1.441932518277   2.7675436411712
   1.0697567837487 -0.57417134752565
  -1.6579580247633   4.0509621408928
    8.046633550624 -1.3637234734342
   9.7436883548671 -2.0197225519303
   9.3248301527905    -1.463892994676
-0.51498751415911    4.7431790287129
  -2.5568392965309     2.567938896744
   10.233948608481 -1.0021067769448
   9.3038570343591 -2.4008112019314
   -2.874829435851   2.1563088730766
 0.92844171267613 0.16698590707311
  -2.6667064686487   3.7028397825736
 0.11504439349179    6.2138522805474
0.079526921211833    7.7341785294242
  -2.0369250292555   8.9300983903537
-0.42661967500153    4.2159042336593
  -1.0649165754885   9.5064030484305
  -1.3318343160705   1.1363194056275
   9.6391039979374 -1.0333443565109
 0.70826670759511    5.1062437232448
   2.5763323978856 0.32187569012487
 0.58894326113854    4.0014845768731
  -3.2524714902451   8.2123365364925
   9.1296756983043 -2.7131950724348
   1.0100141552859   2.1088089496206
   1.3505672455766   1.8409243849074
     -2.60803650025  7.7940592040836
  -1.0502884848012   8.9173952341189
   3.7034024536404   1.0618914154253
   8.8509403858953 -2.2264555940512
   8.7516755320272    -3.515856213896
    1.142943573919   4.9388187643405
   2.9131914457252   2.0387655265955
   2.7468062725031   1.5924128035939
   1.0220285958479   4.1166034774226
   2.8992121050269   5.7843021188828
  -1.9192930113715 -0.1282607934668
   1.3526956097021   3.2043865368642
  -1.7464450415531   1.8338456406612
  -1.6133109912924   6.0441324676004
   9.1985872317694 -2.0724531832547
  -1.4898982913118   3.6857846690658
  -2.4661942863393   7.5304963777872
   1.7462545523858 -0.77834014639204
 0.56265109778675    3.5563325160076
  -2.5815324772069   3.7381300986578
    9.512837969877 -2.7009707897882
   1.8702138504235 0.090015172321581
  -1.9957682011887 0.71644097583256
    2.102906000653     3.223855819085
 0.16312379650204    2.5775047251167
  -1.7020598157982   8.2387245558048
-0.65794052632511    3.1947541671793
   1.5124060454162   1.3137137061994
  -1.7557733764035   6.7835799130899
   1.7018357726757 -0.7188105287131
 -0.2193202821513     7.7631730080816
  2.0395854098303     1.0585918282362
-0.91767901847178     8.7847064891998

  -2.8500918237187     6.9482790737966
  -1.1751239025405     3.2971177948687
   1.3296701429693   -0.48570029545712
   1.9215659617644     1.9754074659142
   2.8697873439207    0.95658924911957
 0.57309313157332      5.5262323978308
   1.8646140278515    0.50281414590449
  -2.1809966855405     6.5723916665393
-0.43055716755611      2.6836664599886
  -1.5945052223935     7.0408236945701
   9.5981248258168    -1.3340516426927
  -3.6215070844281     3.0416041755666
   1.6164016046441     2.6868312831376
 0.47823762785419      6.2333193812654
 0.87781755412106      3.6403090410863
   1.4589534829824    0.84509636366839
    8.777152876038    -2.4059746061648
  -2.1072281631905     6.9365178591761
  -1.8025745477825     2.2081542954862
   8.2664234577216   -0.64959290721712
  -1.7472724127403     7.8568112394851
   9.7416404442976   -0.59529062579873
   2.8594207756027     2.9560282663059
 0.86640826364885     0.39084730563925
   3.4197993695353       0.208214475388
-0.71921053641172      8.2580886373504
    1.378611719724     3.6189772365081
   8.9612791021044    -3.1714600189638
-0.20029670796931    -0.12484318369767
   2.5490092987821    0.78155972090357
   -1.022647120275     8.2851721158736
   9.2179026619982    -2.5951069720771
-0.42793397748473      9.1954085573211
-0.31658683117695      4.5708381967976
   9.5815864559799    -3.7092530905485
   2.1642998708988     4.6207299393732
  -1.1560790119408     3.0599440665204
   1.2745082527526     5.6301732241354
    9.223931139873    -2.0921360222377
   10.658516756743    -2.6342678769085
   9.0507781997777    -3.1900895312921
  -1.9445824286072     7.5450629148377
  -2.1662605445652     8.0879566427185
0.088484330916382      2.3229908592245
 0.89908508961097      1.6788617616479
   2.4703491517041     4.0986290636826
-0.57179504238453      7.4534510600638
   9.9726356936084    -3.3923919109304
   10.136774868402    -3.1359233641223
 0.89791226224202     0.58537140881224
   2.9654464295255     1.2148818751292
  -1.8396584425543       8.959879200152
  -1.0637736839033     3.1969780257256
 0.28672907075585      1.2531454526817
   1.4201333112919     4.6374616548227
-0.27652528150343      5.0812776832803
  -3.8155240532364     3.1693666763547
  -2.9734387127853     3.7181802106732
  -1.2716788797676     8.9146547437541
0.024583053651384      2.9621565212973
   9.5006479851417    -3.3479082720942
  -3.7665080718836     3.3193813164234
-0.19685332656766      6.2474085130977
  -2.4712725040462     3.1559854091654
   9.7142881172937    -2.1523767577513
   3.5218462370071     1.7502155993992
   2.7537246705402 0.90143454902421
    2.481526252211    1.5745716949682
   -2.145656701648    9.1479303827826
 0.46661789679484     3.8657130258372
-0.66430800189345 0.26226316835819
-0.72633920979091     2.9961424364948
   2.1529924891477    1.4806173396912
  -1.6570109674156    3.0118354907187
   2.1550496497061     4.123862491636
 0.74874066969756     2.5557943395561
   2.8415954835419 0.43124456320199
   -1.187999888006    4.9389258228179
   1.5528608951614    4.0954885718704
 0.46546494097762      3.123155143326
   8.3257666151137 -2.0867261675228
  -2.4874083948551    2.1247648986255
    0.936987260319    3.1356938297072
   8.3353749788691 -1.8980616703331
   1.1203136497074    5.7580608344114
  -1.2426243424147    4.6605510419888
   1.4178304958806 0.50039184560914
   -2.435667259181    2.4935646403552
   1.4029739214979 0.37647434763683
  -2.9906119725554    6.5322172615293
0.016822063342616     8.0469570283735
   2.5791585452671    0.9860857469826
  -3.8964909184485    3.7819345618308
   8.2406121081285 -2.7679179609425
    1.705360640724    4.4327702382058
   2.2117740593983    1.1298446961382
 0.63120661245035 0.40434377657574
   9.5623757152994 -1.9182988030383
   1.8331006904492    3.6527617341482
 0.17472772176996     8.2315466005982
-0.02394526884307     2.7590162306708
   9.8292178897304 -1.4386957361529
   9.31838922545260.0084551825356125
  -1.5767197372876    4.9574059228888
   9.5444253946579 -3.1326665088788
   9.6408001060429 -2.1408580658905
-0.49286007908281     8.7028674269965
-0.52515528100835     7.8600721408895
   10.427439240515 -2.1586652069916
  -1.9969368959228    2.7011507907576
  -1.3043887951949    7.8340749729065
-0.75020337006329     7.8092677782973
 0.50673037899591      7.702471593332
  -2.3325305207613    1.7995703370115
   11.287315364939 -2.6379353995114
   8.4809685482144 -2.8627755314959
   10.866025964438 -2.5897422551612
   9.0748563132005 -2.2369773231743
    2.749040674123 0.73809022179167
-0.77135740582393     7.9839095970217
   1.6703877122516 0.99201524925501
-0.65392826841955     4.7665695829742
  -1.5726079738821    3.1383899170903
   9.5013085351447      -2.12968967678
   2.1972206847537 0.57833524279284
   2.0938980732731 -0.75905144238402
 0.30193741788912     4.3356178857227
  -1.6128347801935    3.1121751993789
 0.20635400410118     4.8430365187402
  -1.7495096941702    2.0048030432913
-0.47556093764377      6.173861724527
   9.6796707036968 -2.5243463250343
    1.840706277406    3.5616223070419
   9.6377364592611 -0.85984766734211
  -1.6189597779666    6.8898442200853
   1.6015015295737    2.7017296718416
  -1.8360184579936   2.6844155997894
   9.7543703364094 0.42818549053714
  -2.0513971620878   7.3711223242061
 0.10547292936461      3.724937662684
   1.6143448891403 0.61730816475343
   10.599716852386 -3.2957760476907
  -2.2049297947864   4.2157280519842
-0.22646518915748    7.2829193422249
 0.52073757502915    4.3212664864734
   3.1237769207489 0.44427785608655
   3.2460247025341   2.8494216528496
-0.65107125163457    2.8027747928459
  -1.3525992662408   6.8474580731479
   2.8285204988355 -0.28621698025538
   2.4645222723421     6.199676503479
  -2.7060619438596   4.2193103329979
   8.5111406980981 -3.2189497601204
  -1.2631134781009   8.6568659526664
   4.0111798296836   1.2877569826259
-0.52827204460298    6.7325538026862
 0.21219797127623 0.41968965589745
 0.30380963077054    3.9442341659078
  -1.2840238466064   10.216205366861
    3.207599086216   1.9772822519748
  -1.9355548119028   7.7179854692235
   2.0130960701423 0.61077646754803
   11.867679797789 -2.7352019173354
   1.3326364757209   5.0103604956403
 0.54111652682486    6.1530510559277
  -1.6964211374269   7.1861220879112
   1.8976005052691   3.1543871572361
   2.7450856859677   2.1995098895029
0.068971714163253    4.3557327232445
 0.34042400016761    4.9802206223949
  -1.7689238430921   4.4361434316888
-0.05797276323797       4.98538184573
-0.63164374033198    4.2928463277261
   8.9968223650047 -2.5907466053185
  -2.0444230557323   1.9390524019744
-0.30203344902825    2.9827383676767
   1.3632176736485   2.4340407141837
   9.3331498931369 -2.5436926682548
  -3.8910778303631   2.9382164430384
  -1.7809585667257   8.9262097500761
  -1.0731221005862   1.0881418503286
      7.63028991649 -2.7372414197443
-0.64313569066398    8.7310160011929
0.063447853102336    5.4208036155442
   10.203663706132 -2.5064860258115
  -2.2559486720166   3.1144396620619
  -1.1721463201087   3.5347688157264
-0.93109514845346    8.3555006302125
  -1.7438535831586   3.3632755122279
-0.98359212183439    3.3569252190052
   1.0427873009297   4.6062592251882
   8.4206693628499 -2.3082098678765
  -1.9221329958763   1.7584617449332
  -2.1810448162526   9.0787794000967
   1.3356631328811 0.08467067138386
 0.98677009926732    6.0896578213542
  -3.5433106410217   2.3784276279586
-0.57768532443524      7.127954318131
    8.421526012767 -0.50844602335649
   1.8971289023273   4.6225149803914
   8.6153291174838 -1.3622869849214
  -1.3629754407693   3.0142036172543
   9.5699883825147 -1.5011834644033
   1.2419032622287 -0.56876066786458
   8.9077041200345 -1.3930770825788
0.080803517352819    4.6906898253077
 -1.3155313836691    6.5170641459969
 -1.4117561400818    2.5387346984532
 -2.1673692196161    8.0282138647068
-0.78208934871212    7.4652175749373
 -1.9047194497177    5.0009055103669
 -1.9115494363644    2.4740461681779
  9.6327596095916   -2.4757364404182
-0.20776713692033    2.0354634427832
 -2.8065931864261    2.3324510570554
-0.93702419248739    2.5540234513623
  10.303693477436   -4.3784932365424
-0.73000011207852    6.2545627226802
 -3.4787081147035    2.2579905316036
 -2.0812136397932    2.4472446031783
  3.3594148534104    5.2482668144388
